Webots Project File version R2021a
perspectives: 000000ff00000000fd00000003000000000000000000000000fc0100000001fb0000001a0044006f00630075006d0065006e0074006100740069006f006e0000000000ffffffff0000006900ffffff00000001000003480000031cfc0200000001fb0000001400540065007800740045006400690074006f007201000000150000031c0000008700ffffff0000000300000780000000b2fc0100000001fb0000001a0043006f006e0073006f006c00650041006c006c0041006c006c0100000000000007800000006900ffffff000004360000031c00000001000000020000000100000008fc00000000
simulationViewPerspectives: 000000ff000000010000000200000126000004750100000002010000000100
sceneTreePerspectives: 000000ff000000010000000200000114000000fa0100000002010000000200
minimizedPerspectives: 000000ff00000000fd00000003000000000000000000000000fc0100000002fb0000001a0044006f00630075006d0065006e0074006100740069006f006e0000000000ffffffff0000005400fffffffb0000001e00480074006d006c0052006f0062006f007400570069006e0064006f00770100000000ffffffff0000005400ffffff00000001000002fb00000296fc0200000001fb0000001400540065007800740045006400690074006f00720100000015000002960000009d00ffffff000000030000078000000134fc0100000001fb0000001a0043006f006e0073006f006c00650041006c006c0041006c006c0100000000000007800000005400ffffff0000047f0000029600000001000000020000000100000008fc00000000
maximizedDockId: -1
centralWidgetVisible: 1
orthographicViewHeight: 1
textFiles: 1 "controllers/keyboard_control/Makefile" "controllers/keyboard_control/keyboard_control.cpp"
consoles: Console:All:All
renderingDevicePerspectives: e-puck:camera;0;0.540625;0;0.0710956
